123
1857287072
732378877
1285484159
1164145758
253616315
1426311591
1860235271
1415180573
1324487943
21201063
736174793
225772425
850853211
587250130
535908815
1912990463
948073246
531367473
72434725
380567349
788569694
78442232
1894102263
1628984492
1945586731
1723036800
29198641
435996401
2092625148
656337878
1895641641
2078635525
1565476485
1583221154
1620407051
950412961
1047563865
1653401327
2072138471
350614253
666873442
1098734281
872511314
1492284442
1899078044
1947438935
1889620356
737366433
797414732
1191141729
1441923187
1447262518
705678474
1701986724
1433991887
2055324246
2077190071
2071524135
2135951718
1444664640
249208370
1290155064
660327807
929877629
1735465813
1169703787
1321072594
80872052
1272185309
1489405097
387505171
1856091632
256877158
1871339602
734067012
1717223656
1991520048
1091014440
2141321324
106656594
40845679
55291760
1630935628
924791676
1555063350
1834770646
1259501106
46324223
1246205738
920951990
1755519938
1111993415
1628930230
1030788516
194672464
1002645688
1897321460
1441322957
854820863
